0
0.005
0.01
0.015
0.02
0.025
0.030000000000000002
0.035
0.04
0.045
0.049999999999999996
0.05499999999999999
0.05999999999999999
0.06499999999999999
0.06999999999999999
0.075
0.08
0.085
0.09000000000000001
0.09500000000000001
0.10000000000000002
0.10500000000000002
0.11000000000000003
0.11500000000000003
0.12000000000000004
0.12500000000000003
0.13000000000000003
0.13500000000000004
0.14000000000000004
0.14500000000000005
0.15000000000000005
0.15500000000000005
0.16000000000000006
0.16500000000000006
0.17000000000000007
0.17500000000000007
0.18000000000000008
0.18500000000000008
0.19000000000000009
0.1950000000000001
0.2000000000000001
0.2050000000000001
0.2100000000000001
0.2150000000000001
0.2200000000000001
0.22500000000000012
0.23000000000000012
0.23500000000000013
0.24000000000000013
0.24500000000000013
0.2500000000000001
0.2550000000000001
0.2600000000000001
0.2650000000000001
0.27000000000000013
0.27500000000000013
0.28000000000000014
0.28500000000000014
0.29000000000000015
0.29500000000000015
0.30000000000000016
0.30500000000000016
0.31000000000000016
0.31500000000000017
0.3200000000000002
0.3250000000000002
0.3300000000000002
0.3350000000000002
0.3400000000000002
0.3450000000000002
0.3500000000000002
0.3550000000000002
0.3600000000000002
0.3650000000000002
0.3700000000000002
0.3750000000000002
0.3800000000000002
0.38500000000000023
0.39000000000000024
0.39500000000000024
0.40000000000000024
0.40500000000000025
0.41000000000000025
0.41500000000000026
0.42000000000000026
0.42500000000000027
0.43000000000000027
0.4350000000000003
0.4400000000000003
0.4450000000000003
0.4500000000000003
0.4550000000000003
0.4600000000000003
0.4650000000000003
0.4700000000000003
0.4750000000000003
0.4800000000000003
0.4850000000000003
0.4900000000000003
0.49500000000000033
0.5000000000000003
0.5050000000000003
0.5100000000000003
0.5150000000000003
0.5200000000000004
0.5250000000000004
0.5300000000000004
0.5350000000000004
0.5400000000000004
0.5450000000000004
0.5500000000000004
0.5550000000000004
0.5600000000000004
0.5650000000000004
0.5700000000000004
0.5750000000000004
0.5800000000000004
0.5850000000000004
0.5900000000000004
0.5950000000000004
0.6000000000000004
0.6050000000000004
0.6100000000000004
0.6150000000000004
0.6200000000000004
0.6250000000000004
0.6300000000000004
0.6350000000000005
0.6400000000000005
0.6450000000000005
0.6500000000000005
0.6550000000000005
0.6600000000000005
0.6650000000000005
0.6700000000000005
0.6750000000000005
0.6800000000000005
0.6850000000000005
0.6900000000000005
0.6950000000000005
0.7000000000000005
0.7050000000000005
0.7100000000000005
0.7150000000000005
0.7200000000000005
0.7250000000000005
0.7300000000000005
0.7350000000000005
0.7400000000000005
0.7450000000000006
0.7500000000000006
0.7550000000000006
0.7600000000000006
0.7650000000000006
0.7700000000000006
0.7750000000000006
0.7800000000000006
0.7850000000000006
0.7900000000000006
0.7950000000000006
0.8000000000000006
0.8050000000000006
0.8100000000000006
0.8150000000000006
0.8200000000000006
0.8250000000000006
0.8300000000000006
0.8350000000000006
0.8400000000000006
0.8450000000000006
0.8500000000000006
0.8550000000000006
0.8600000000000007
0.8650000000000007
0.8700000000000007
0.8750000000000007
0.8800000000000007
0.8850000000000007
0.8900000000000007
0.8950000000000007
0.9000000000000007
0.9050000000000007
0.9100000000000007
0.9150000000000007
0.9200000000000007
0.9250000000000007
0.9300000000000007
0.9350000000000007
0.9400000000000007
0.9450000000000007
0.9500000000000007
0.9550000000000007
0.9600000000000007
0.9650000000000007
0.9700000000000008
0.9750000000000008
0.9800000000000008
0.9850000000000008
0.9900000000000008
0.9950000000000008
1
1
1.005
1.0099999999999998
1.0149999999999997
1.0199999999999996
1.0249999999999995
1.0299999999999994
1.0349999999999993
1.0399999999999991
1.044999999999999
1.049999999999999
1.0549999999999988
1.0599999999999987
1.0649999999999986
1.0699999999999985
1.0749999999999984
1.0799999999999983
1.0849999999999982
1.089999999999998
1.094999999999998
1.0999999999999979
1.1049999999999978
1.1099999999999977
1.1149999999999975
1.1199999999999974
1.1249999999999973
1.1299999999999972
1.1349999999999971
1.139999999999997
1.144999999999997
1.1499999999999968
1.1549999999999967
1.1599999999999966
1.1649999999999965
1.1699999999999964
1.1749999999999963
1.1799999999999962
1.184999999999996
1.189999999999996
1.1949999999999958
1.1999999999999957
1.2049999999999956
1.2099999999999955
1.2149999999999954
1.2199999999999953
1.2249999999999952
1.229999999999995
1.234999999999995
1.2399999999999949
1.2449999999999948
1.2499999999999947
1.2549999999999946
1.2599999999999945
1.2649999999999944
1.2699999999999942
1.2749999999999941
1.279999999999994
1.284999999999994
1.2899999999999938
1.2949999999999937
1.2999999999999936
1.3049999999999935
1.3099999999999934
1.3149999999999933
1.3199999999999932
1.324999999999993
1.329999999999993
1.3349999999999929
1.3399999999999928
1.3449999999999926
1.3499999999999925
1.3549999999999924
1.3599999999999923
1.3649999999999922
1.3699999999999921
1.374999999999992
1.379999999999992
1.3849999999999918
1.3899999999999917
1.3949999999999916
1.3999999999999915
1.4049999999999914
1.4099999999999913
1.4149999999999912
1.419999999999991
1.424999999999991
1.4299999999999908
1.4349999999999907
1.4399999999999906
1.4449999999999905
1.4499999999999904
1.4549999999999903
1.4599999999999902
1.46499999999999
1.46999999999999
1.4749999999999899
1.4799999999999898
1.4849999999999897
1.4899999999999896
1.4949999999999894
1.4999999999999893
1.5049999999999892
1.5099999999999891
1.514999999999989
1.519999999999989
1.5249999999999888
1.5299999999999887
1.5349999999999886
1.5399999999999885
1.5449999999999884
1.5499999999999883
1.5549999999999882
1.559999999999988
1.564999999999988
1.5699999999999878
1.5749999999999877
1.5799999999999876
1.5849999999999875
1.5899999999999874
1.5949999999999873
1.5999999999999872
1.604999999999987
1.609999999999987
1.614999999999987
1.6199999999999868
1.6249999999999867
1.6299999999999866
1.6349999999999865
1.6399999999999864
1.6449999999999863
1.6499999999999861
1.654999999999986
1.659999999999986
1.6649999999999858
1.6699999999999857
1.6749999999999856
1.6799999999999855
1.6849999999999854
1.6899999999999853
1.6949999999999852
1.699999999999985
1.704999999999985
1.7099999999999849
1.7149999999999848
1.7199999999999847
1.7249999999999845
1.7299999999999844
1.7349999999999843
1.7399999999999842
1.7449999999999841
1.749999999999984
1.754999999999984
1.7599999999999838
1.7649999999999837
1.7699999999999836
1.7749999999999835
1.7799999999999834
1.7849999999999833
1.7899999999999832
1.794999999999983
1.799999999999983
1.8049999999999828
1.8099999999999827
1.8149999999999826
1.8199999999999825
1.8249999999999824
1.8299999999999823
1.8349999999999822
1.839999999999982
1.844999999999982
1.8499999999999819
1.8549999999999818
1.8599999999999817
1.8649999999999816
1.8699999999999815
1.8749999999999813
1.8799999999999812
1.8849999999999811
1.889999999999981
1.894999999999981
1.8999999999999808
1.9049999999999807
1.9099999999999806
1.9149999999999805
1.9199999999999804
1.9249999999999803
1.9299999999999802
1.93499999999998
1.93999999999998
1.9449999999999799
1.9499999999999797
1.9549999999999796
1.9599999999999795
1.9649999999999794
1.9699999999999793
1.9749999999999792
1.979999999999979
1.984999999999979
1.989999999999979
1.9949999999999788
1.9999999999999787
2.0049999999999786
2.0099999999999785
2.0149999999999784
2.0199999999999783
2.024999999999978
2.028871594050657
2.028871594050657
2.033871594050657
2.038871594050657
2.043871594050657
2.0488715940506568
2.0538715940506567
2.0588715940506566
2.0638715940506565
2.0688715940506563
2.0738715940506562
2.078871594050656
2.083871594050656
2.088871594050656
2.093871594050656
2.0988715940506557
2.1038715940506556
2.1088715940506555
2.1138715940506554
2.1188715940506553
2.123871594050655
2.128871594050655
2.133871594050655
2.138871594050655
2.1438715940506547
2.1488715940506546
2.1538715940506545
2.1588715940506544
2.1638715940506543
2.168871594050654
2.173871594050654
2.178871594050654
2.183871594050654
2.188871594050654
2.1938715940506537
2.1988715940506536
2.2038715940506535
2.2088715940506534
2.2138715940506533
2.218871594050653
2.223871594050653
2.228871594050653
2.233871594050653
2.2388715940506527
2.2438715940506526
2.2488715940506525
2.2538715940506524
2.2588715940506523
2.263871594050652
2.268871594050652
2.273871594050652
2.278871594050652
2.2838715940506518
2.2888715940506517
2.2938715940506516
2.2988715940506514
2.3038715940506513
2.3088715940506512
2.313871594050651
2.318871594050651
2.323871594050651
2.328871594050651
2.3338715940506507
2.3388715940506506
2.3438715940506505
2.3488715940506504
2.3538715940506503
2.35887159405065
2.36387159405065
2.36887159405065
2.37387159405065
2.3788715940506497
2.3838715940506496
2.3888715940506495
2.3938715940506494
2.3988715940506493
2.403871594050649
2.408871594050649
2.413871594050649
2.418871594050649
2.423871594050649
2.4288715940506487
2.4338715940506486
2.4388715940506485
2.4438715940506484
2.4488715940506482
2.453871594050648
2.458871594050648
2.463871594050648
2.468871594050648
2.4738715940506477
2.4788715940506476
2.4838715940506475
2.4888715940506474
2.4938715940506473
2.498871594050647
2.503871594050647
2.508871594050647
2.513871594050647
2.5188715940506468
2.5238715940506466
2.5288715940506465
2.5338715940506464
2.5388715940506463
2.5438715940506462
2.548871594050646
2.553871594050646
2.558871594050646
2.563871594050646
2.5688715940506457
2.5738715940506456
2.5788715940506455
2.5838715940506454
2.5888715940506453
2.593871594050645
2.598871594050645
2.603871594050645
2.608871594050645
2.6138715940506447
2.6188715940506446
2.6238715940506445
2.6288715940506444
2.6338715940506443
2.638871594050644
2.643871594050644
2.648871594050644
2.653871594050644
2.6588715940506438
2.6638715940506437
2.6688715940506436
2.6738715940506435
2.6788715940506433
2.6838715940506432
2.688871594050643
2.693871594050643
2.698871594050643
2.703871594050643
2.7088715940506427
2.7138715940506426
2.7188715940506425
2.7238715940506424
2.7288715940506423
2.733871594050642
2.738871594050642
2.743871594050642
2.748871594050642
2.7538715940506417
2.7588715940506416
2.7638715940506415
2.7688715940506414
2.7738715940506413
2.778871594050641
2.783871594050641
2.788871594050641
2.793871594050641
2.798871594050641
2.8038715940506407
2.8088715940506406
2.8138715940506405
2.8188715940506404
2.8238715940506403
2.82887159405064
2.83387159405064
2.83887159405064
2.84387159405064
2.8488715940506397
2.8538715940506396
2.8588715940506395
2.8638715940506394
2.8688715940506393
2.873871594050639
2.878871594050639
2.883871594050639
2.888871594050639
2.8938715940506388
2.8988715940506387
2.9038715940506385
2.9088715940506384
2.9138715940506383
2.9188715940506382
2.923871594050638
2.928871594050638
2.933871594050638
2.938871594050638
2.9438715940506377
2.9488715940506376
2.9538715940506375
2.9588715940506374
2.9638715940506373
2.968871594050637
2.973871594050637
2.978871594050637
2.983871594050637
2.9888715940506367
2.9938715940506366
2.9988715940506365
3.0038715940506364
3.0088715940506363
3.013871594050636
3.018871594050636
3.023871594050636
3.028871594050636
3.033871594050636
3.0388715940506357
3.0438715940506356
3.0488715940506355
3.0538715940506354
3.0588715940506352
3.063871594050635
3.068871594050635
3.073871594050635
3.078871594050635
3.0838715940506347
3.0888715940506346
3.0938715940506345
3.0988715940506344
3.1038715940506343
3.108871594050634
3.113871594050634
3.118871594050634
3.123871594050634
3.1288715940506338
3.1338715940506336
3.1388715940506335
3.1438715940506334
3.1488715940506333
3.153871594050633
3.158871594050633
3.163871594050633
3.168871594050633
3.173871594050633
3.1788715940506327
3.1838715940506326
3.1888715940506325
3.1938715940506324
3.1988715940506323
3.203871594050632
3.208871594050632
3.213871594050632
3.218871594050632
3.2238715940506317
3.2288715940506316
3.2338715940506315
3.2388715940506314
3.2438715940506313
3.248871594050631
3.253871594050631
3.258871594050631
3.263871594050631
3.2688715940506308
3.2738715940506307
3.2788715940506306
3.2838715940506304
3.2888715940506303
3.2938715940506302
3.29887159405063
3.30387159405063
3.30887159405063
3.31387159405063
3.3188715940506297
3.3238715940506296
3.3288715940506295
3.3338715940506294
3.3388715940506293
3.343871594050629
3.348871594050629
3.353871594050629
3.358871594050629
3.3638715940506287
3.3688715940506286
3.3738715940506285
3.3788715940506284
3.3838715940506283
3.388871594050628
3.393871594050628
3.398871594050628
3.403871594050628
3.408871594050628
3.4138715940506277
3.4188715940506276
3.4238715940506275
3.4288715940506274
3.4338715940506273
3.438871594050627
3.443871594050627
3.448871594050627
3.453871594050627
3.4588715940506267
3.4638715940506266
3.4688715940506265
3.4738715940506264
3.4788715940506263
3.483871594050626
3.488871594050626
3.493871594050626
3.498871594050626
3.5038715940506258
3.5088715940506257
3.5138715940506255
3.5188715940506254
3.5238715940506253
3.5288715940506252
3.533871594050625
3.538871594050625
3.543871594050625
3.548871594050625
3.5538715940506247
3.5588715940506246
3.5638715940506245
3.5688715940506244
3.5738715940506243
3.578871594050624
3.583871594050624
3.588871594050624
3.593871594050624
3.5988715940506237
3.6038715940506236
3.6088715940506235
3.6138715940506234
3.6188715940506233
3.623871594050623
3.628871594050623
3.633871594050623
3.638871594050623
3.6438715940506228
3.6488715940506227
3.6538715940506226
3.6588715940506225
3.6638715940506223
3.6688715940506222
3.673871594050622
3.678871594050622
3.683871594050622
3.688871594050622
3.6938715940506217
3.6988715940506216
3.7038715940506215
3.7088715940506214
3.7138715940506213
3.718871594050621
3.723871594050621
3.728871594050621
3.733871594050621
3.7388715940506208
3.7438715940506206
3.7488715940506205
3.7538715940506204
3.7588715940506203
3.76387159405062
3.76887159405062
3.77387159405062
3.77887159405062
3.78387159405062
3.7888715940506197
3.7938715940506196
3.7988715940506195
3.8038715940506194
3.8088715940506193
3.813871594050619
3.818871594050619
3.823871594050619
3.828871594050619
3.8338715940506187
3.8388715940506186
3.8438715940506185
3.8488715940506184
3.8538715940506183
3.858871594050618
3.863871594050618
3.868871594050618
3.873871594050618
3.8788715940506178
3.8838715940506177
3.8888715940506176
3.8938715940506174
3.8988715940506173
3.9038715940506172
3.908871594050617
3.913871594050617
3.918871594050617
3.923871594050617
3.9288715940506167
3.9338715940506166
3.9388715940506165
3.9438715940506164
3.9488715940506163
3.953871594050616
3.958871594050616
3.963871594050616
3.968871594050616
3.9738715940506157
3.9788715940506156
3.9838715940506155
3.9888715940506154
3.9938715940506153
3.998871594050615
4.003871594050615
4.008871594050615
4.013871594050615
4.018871594050615
4.023871594050615
4.028871594050615
4.0338715940506145
4.038871594050614
4.043871594050614
4.048871594050614
4.053871594050614
4.058871594050614
4.063871594050614
4.068871594050614
4.073871594050614
4.0788715940506135
4.083871594050613
4.088871594050613
4.093871594050613
4.098871594050613
4.103871594050613
4.108871594050613
4.113871594050613
4.118871594050613
4.1238715940506125
4.128871594050612
4.133871594050612
4.138871594050612
4.143871594050612
4.148871594050612
4.153871594050612
4.158871594050612
4.163871594050612
4.168871594050612
4.1738715940506115
4.178871594050611
4.183871594050611
4.188871594050611
4.193871594050611
4.198871594050611
4.203871594050611
4.208871594050611
4.213871594050611
4.2188715940506105
4.22387159405061
4.22887159405061
4.23387159405061
4.23887159405061
4.24387159405061
4.24887159405061
4.25387159405061
4.25887159405061
4.26387159405061
4.2688715940506095
4.273871594050609
4.278871594050609
4.283871594050609
4.288871594050609
4.293871594050609
4.298871594050609
4.303871594050609
4.308871594050609
4.3138715940506085
4.318871594050608
4.323871594050608
4.328871594050608
4.333871594050608
4.338871594050608
4.343871594050608
4.348871594050608
4.353871594050608
4.3588715940506075
4.363871594050607
4.368871594050607
4.373871594050607
4.378871594050607
4.383871594050607
4.388871594050607
4.393871594050607
4.398871594050607
4.403871594050607
4.4088715940506065
4.413871594050606
4.418871594050606
4.423871594050606
4.428871594050606
4.433871594050606
4.438871594050606
4.443871594050606
4.448871594050606
4.4538715940506055
4.458871594050605
4.463871594050605
4.468871594050605
4.473871594050605
4.478871594050605
4.483871594050605
4.488871594050605
4.493871594050605
4.4988715940506045
4.503871594050604
4.508871594050604
4.513871594050604
4.518871594050604
4.523871594050604
4.528871594050604
4.533871594050604
4.538871594050604
4.543871594050604
4.5488715940506035
4.553871594050603
4.558871594050603
4.563871594050603
4.568871594050603
4.573871594050603
4.578871594050603
4.583871594050603
4.588871594050603
4.5938715940506025
4.598871594050602
4.603871594050602
4.608871594050602
4.613871594050602
4.618871594050602
4.623871594050602
4.628871594050602
4.633871594050602
4.638871594050602
4.6438715940506015
4.648871594050601
4.653871594050601
4.658871594050601
4.663871594050601
4.668871594050601
4.673871594050601
4.678871594050601
4.683871594050601
4.6888715940506005
4.6938715940506
4.6988715940506
4.7038715940506
4.7088715940506
4.7138715940506
4.7188715940506
4.7238715940506
4.7288715940506
4.7338715940505995
4.738871594050599
4.743871594050599
4.748871594050599
4.753871594050599
4.758871594050599
4.763871594050599
4.768871594050599
4.773871594050599
4.778871594050599
4.7838715940505985
4.788871594050598
4.793871594050598
4.798871594050598
4.803871594050598
4.808871594050598
4.813871594050598
4.818871594050598
4.823871594050598
4.8288715940505975
4.833871594050597
4.838871594050597
4.843871594050597
4.848871594050597
4.853871594050597
4.858871594050597
4.863871594050597
4.868871594050597
4.873871594050597
4.8788715940505964
4.883871594050596
4.888871594050596
4.893871594050596
4.898871594050596
4.903871594050596
4.908871594050596
4.913871594050596
4.918871594050596
4.9238715940505955
4.928871594050595
4.933871594050595
4.938871594050595
4.943871594050595
4.948871594050595
4.953871594050595
4.958871594050595
4.963871594050595
4.9688715940505945
4.973871594050594
4.978871594050594
4.983871594050594
4.988871594050594
4.993871594050594
4.998871594050594
5.003871594050594
5.008871594050594
5.013871594050594
5.0188715940505935
5.023871594050593
5.028871594050593
5.028871594050593
5.039127521524084
5.049383448997575
5.0596393764710665
5.069895303944557
5.080151231418048
5.090407158891539
5.10066308636503
5.1109190138385205
5.121174941312012
5.131430868785503
5.141686796258994
5.151942723732485
5.162198651205975
5.172454578679466
5.182710506152958
5.192966433626449
5.2032223610999395
5.21347828857343
5.223734216046921
5.233990143520412
5.244246070993904
5.254501998467394
5.264757925940885
5.275013853414376
5.285269780887867
5.295525708361358
5.305781635834849
5.31603756330834
5.326293490781831
5.336549418255322
5.3468053457288125
5.357061273202303
5.367317200675795
5.377573128149286
5.387829055622777
5.398084983096267
5.408340910569758
5.418596838043249
5.428852765516741
5.4391086929902315
5.449364620463722
5.459620547937213
5.469876475410704
5.480132402884195
5.490388330357686
5.500644257831177
5.510900185304668
5.521156112778159
5.53141204025165
5.541667967725141
5.551923895198632
5.562179822672123
5.572435750145614
5.5826916776191045
5.592947605092595
5.603203532566086
5.613459460039578
5.6237153875130685
5.633971314986559
5.64422724246005
5.654483169933541
5.664739097407033
5.674995024880523
5.685250952354014
5.695506879827505
5.705762807300996
5.716018734774487
5.726274662247977
5.736530589721469
5.74678651719496
5.757042444668451
5.7672983721419415
5.777554299615432
5.787810227088924
5.798066154562415
5.808322082035906
5.818578009509396
5.828833936982887
5.839089864456378
5.84934579192987
5.8596017194033605
5.869857646876851
5.880113574350342
5.890369501823833
5.900625429297325
5.910881356770815
5.921137284244306
5.931393211717797
5.941649139191288
5.951905066664779
5.962160994138269
5.972416921611761
5.982672849085252
5.992928776558743
6.0031847040322335
6.013440631505724
6.023696558979216
6.033952486452707
6.044208413926198
6.054464341399688
6.064720268873179
6.07497619634667
6.085232123820161
6.0954880512936525
6.105743978767143
6.115999906240634
6.126255833714125
6.136511761187616
6.146767688661107
6.157023616134598
6.167279543608089
6.17753547108158
6.1877913985550705
6.198047326028561
6.208303253502052
6.218559180975544
6.228815108449035
6.239071035922525
6.249326963396016
6.259582890869508
6.269838818342999
6.2800947458164895
6.29035067328998
6.300606600763471
6.310862528236962
6.321118455710453
6.3313743831839435
6.341630310657435
6.351886238130926
6.362142165604417
6.372398093077908
6.382654020551399
6.39290994802489
6.403165875498381
6.413421802971872
6.4236777304453625
6.433933657918853
6.444189585392344
6.454445512865835
6.464701440339327
6.474957367812817
6.485213295286308
6.495469222759799
6.505725150233291
6.5159810777067815
6.526237005180272
6.536492932653763
6.546748860127254
6.557004787600745
6.5672607150742355
6.577516642547727
6.587772570021218
6.598028497494709
6.6082844249682
6.61854035244169
6.628796279915182
6.639052207388673
6.649308134862164
6.6595640623356545
6.669819989809145
6.680075917282636
6.690331844756127
6.7005877722296185
6.710843699703109
6.7210996271766
6.731355554650091
6.741611482123583
6.751867409597073
6.762123337070564
6.772379264544055
6.782635192017546
6.792891119491037
6.803147046964527
6.813402974438018
6.82365890191151
6.833914829385001
6.8441707568584915
6.854426684331982
6.864682611805474
6.874938539278965
6.885194466752456
6.895450394225946
6.905706321699437
6.915962249172928
6.926218176646419
6.93647410411991
6.946730031593401
6.956985959066892
6.967241886540383
6.977497814013874
6.987753741487365
6.998009668960856
7.008265596434347
7.018521523907838
7.028777451381329
7.039033378854819
7.04928930632831
7.059545233801801
7.069801161275293
7.0800570887487835
7.090313016222274
7.100568943695766
7.110824871169257
7.121080798642748
7.131336726116238
7.141592653589729
